4558487685755468786545567866484785778487684868747366746355735363363336554635544765553567546655366434678674554666678644645588755487686775585775468486674
6876645646545465777774477754754758667677776845776456446767757676654346734355743677736356557573366455444665464754676775557458847854544868854487775648456
4767677857844774547878456674887676584454757633655764476436654573474555435446646546644477743347546637373674555646476885858547764486448786788644856564778
8777668748687554745574767575456777756546644743665356345543435434355433365675776374466433556774577534733744775476675746874777584568558758855747665544548
4484457676554545766657778584458888447744767665635747466353754463435346366447433576774457553556747735553735367556547575558546846876478747774565585687757
5546648884868457565687678444576448745633353646766455677375457754464655575675347764556354744766635566634577665566784477446464445455587755575464876465864
6876655545468587567667475865666646884354666435566647445534676747477534374454477733743357543334746345765654667363474865664686774556747476667547675446678
7757646448865845857784478457487458333335667743733457443466536355364734557444645665637646443737646577637744446457457768585854778488856864844586766688685
8845655575777645458568567577576654533763655674465537665776446467437577574111111155465743336553665533656767764375746375644587655676454575448676474475485
6878444877548477864877645485478766647565546763477335673766553536376751111199999113665647573556734364737656473554563643735785784646887844785577775755545
646465485576748668766486755778563366547674447434447647343453446353353199911S999913633646763633656735747355447645636647657578888456445676575577678654465
4468767554885866886848447854374647547467663445557664636775646354473661999999999916656436477564775537345365733736537356545556684475845845866454655864844
6858848745858886478688667857343756673654463674774376457333774537746761999999999913454755547444754353453537354737743665366565575677678648866455547885445
4644448587557877765744565677436375755473333446466354673655474757473554456999999317376437755774456737543736347634553346466333465474588488645478645775677
6678754546854884755658884353745657476666334455646577445665464366637336353599993713647774343463373673357635353373643555776357575558547755857568644585847
7755676777576454776885457465433774477365743646457433537777755666735546357674737363653775547675673454565764774753574333573375657467878478755788657755887
7878567566566457846488336335457376737756677737575536365377675333437766556773733755345763576564577563473565564473474655363577563357445575554674686456888
8664767665876457655875675447673634334364664634745364455556757333467435456733375333333654357654773673535465666547765577357565537563677888575688747576465
5848447567688548468755657643544347433754367457733677764557674735447644533665555377747543474577644566436567343777365357757575445647374664655654758865584
7785675444555847786566654554373777446347667774367776445665644647443644756463467353563476556734667365377663547377336756673533476546347678478546677668756
6858887844874868475656444545363334337357336777554754766656466774375644737665664676455666637377347676536355557563467576433765657646455744447446855566655
4747685666886857845456674446574757667663454447764757467466747364337677777474575747466574446753676434344567363653373664375736466445567448785787654656885
8446567756668678434557333573577735575574674644676643345744777333575637653664647563777536437443575746433347644666445645446646444536463367578487667675774
4478768754676645633365374355376565765437345647457734746757564535566446264342233263636635556636656637334633734436367376434337467335743365764876877565547
8678748646484674366565765433535645776754544454563477545577677243264524355463334233263353344464437355654773446733463354634457457437567653468648655546478
8577844765765754364367546356754437377763533636545373533537442543526552424644353522245653534345655336676635736676577443633754644755677445684747587667457
4647886768876364773637553746576737333777357777464335746562244322435443262666565245553424366432235366543467366576433575677565357337767764456656647488555
5448857577686756744475535347536544473467577474773433443422226463552365324625662254525366364343256546745336347646377745766643333737734566373447847685846
8448775747444474364573576546357753777334645357467535332225252664654653455365665253364253336353622522533334744653565637467446535536577767356658668746787
6778688858476576367653474765635337673763643745477546426232466235426535326243464636336266242536622636546553676335345655446356465455775733676356845567668
5476756578666446555647543467754764346443575376543353436262626266422364634424565565623336455653662522242235636663534565573543555677543354343478878685777
7677886463655437775645367435737633554364363657663634462253355343222344254563652326532254222556524643345666775554765546337575366577536537563545875446457
4777566853673757774543776353545745735344674743362452345525464552422664362435535632643354245242535663253225544346455443577757565674777673647543787665467
5465777866334654447635344776354345753755773263446565665664424553555433643324523532634365646355623365363662246445673465534744533635355663634554684548755
6585458545643365365566777644356577444433556536552325453554334433655626666555356243623535652564653363566352532544436757645756753757665634435535467576557
6767685656743364656437675573374756453745435365262245363226345635655263355256423455256355464264423266436426534653677737446547335434655577765573377486887
6645775336765447354474445343336375766764425555226356326563352456255462555446224552366544435432544452646532335246763473533575457745364754554763753767546
8684744677355454365665535466555363336552356624452462525254445523266234233443235652466356544342433466324254246252746734475643764756766556557466565677674
5475834357453334464476676565455334773662655424636644643462253243322566653244355453364636325263533425366623654625257364753565555655333653744444444677565
7866554746345637467773364675363736735354266445563244236654546623523624246644324435342625235342232666532325452363425734443375775336734633636556334748748
6645677575336564735435756663476536434663666623654252542236233322665364234545544554555354225422655335356533655364364664564756553446565655333566553745765
8484734435757473464475555776537443463442556655256444232352242242342653432363344326542265454434422433555335546232362657444745775633654544545576445436786
7447556753374357633563475375673736654236235453524224535642653352552623663466233436552245256326345662346442232233362455536744656655473353373655343756557
5576373655545673575553636773765772625433224443242443452363425644243634346642233622254535223643246542624325233346244464477463567777753753637666465576876
8643574545654673357536473776535556343454555335424435265543442665436455342446656634244362623224462453342543244333232266655653646653336636636737774635447
6635434444564436573437645567365526245545422326533664325552543666623635342544564625252542334256463335454432366335543556253663564756574666663637656656646
7347566676444637647455545767455462422434253235555536553546552336246436254353454336264324565423534655235553464355662266345565544755673573357337436346475
7637637764776557367667376746543622454433363446224323566342424265443562252325624533345356444444532256255562643543644636343477533637555336766373366645665
8447633343666776665536746663745553223346264654563444665633525554453666546532536526636264235623562452522423345242644523526746667453656476536455643463346
3633765345677433455444747673555452343333626356255565423253424545344654243425332452435462263366653644536434652425324644345453444765577665373753774354474
7665643473543644464373575356646552262356664536365622543265425224365242544322224354344354652624633253656633463356256633363553573366357446454467377774553
7555575775534334734736335474345363444343662342224242324362354552244324422223525244253443642346342346443644342246636353266554653775374467437736645366674
3447535746375775344575477743634343332443352644233245353445446343545334223343232424422522436226556246353526644546626524664367466655675467676476665467445
6374565674466737755663366456446636432442252462562344332344325234345443434345245252443534553233433356646333466663266254556242637564637636533646444635557
6654753555657446375755376555345456354526254463623546635664222532253335434253455343242253334556543422645665366444453265566263475664377567663737647747533
5344333636535733564446546436343264226326245225623622422522442333323542522243343552543323553522356265464664423656236554454563467576665554774464774353764
4533677544445433464556635622564355354323632446625236636464245235335432255244335252435343234324562655263545655232334665546636644645676673756477673657646
4345646575376466733543473664634642544646645243233344433645425352522235454254543423255454532525246226522636366422363444226462447356764646744776544457534
3336467437345354544535447455254522564342524345336225324252425552455422433524532543434533333234423523364625432356252352466346555333556754653335657334633
4664673346367474356333675243353525653552525626642242443544332542452543422232355322533542255544455622536563634222236236526246423475634775766537743567765
6533653336377657667356745353364443562542522346442332562554245522322335323552225255534222534245353362224333254466626226623254253763473363754776776435366
4553647436656767776746675534433322263325365654546623545222422554223433255335434253242325324352532334223464542622663263652326343666433746355363735666353
7744354565466654456634765256442436242543535534656343254343222455542442424355323535452432255432453242366242426434523354545326524733764473565763635654363
3467733764433535433573736223654654666652566233425263242334545353325555422542222543242255443553553242242353345235365632422466323647745457643444367774374
7465435444655344457437763524456354635523322643545422423235234523525453222253433543535225552453553325333463632435355453563543336734446573733665466677745
5773657437757564657757735454245352555343355234343562354432535445223454342443522223334253225325444325634223336633224444644424546273764445677677666455356
4476437553466346745645363542424552356346654622662462233442425355425232422243255454453244233452523242663556555354456456265232665253747573564536643565455
4345343343464537756644725322266255646665346236455555424325244435553253424422224433344252555343452324452262336436242426263423464454735767634376766745357
6356777445564745367445343645223555362563664663226643434223545425344332235332454222452234234534525323252234445332535453355263422535357646565634654767766
7555664564756577445636735254354463455644333425333622252534232445453233244544452542232534232425234342556545443255225223546556662647336473654434434545667
6556434435745447544644564426644232444352552235555333523545534325324252324534443325554353324242434545352445536344224224642326446534647557654343344377545
7546457565467673547756645254636654536226224622544525544355225234324424352425344233522533522453333255426525463222542544534362563545364655343336564675573
5664443467343653477543555332252345253343664552454555232323544545442223233433545434342244424552434433356422242324663664534423325647457566434436653557564
7477563773637334555364655435424226343333545435333525432324324233325334455225444533342225342544455422356663323435245546663245632447655437333553633544445
5753347573557646333744253223625435254563455362553435233454554223453423225232235544423344334552335435244265452543556654562655534566337645664575457367676
633743677347657564643532633634452324246554356532222433334252222334234432424@523553532452425354325442533665554242545246222534532443645355744667777337743
7334354436645437733636553532423624356452342432454542253522343443234354342399923254322255555245442425532545524425522525324524532555545563744747756366355
3335443757447464344743422332324345334622234425264325524445555535435342332399942254553324225535235335553565635552326242336245552435375756665345376773644
7373443343746544734433664442645544626232234434463354445525235324533334322299932244424353344233553255426634226342243344462455563257634636666765467676477
7533574754437655765456325452534324625535346663546342255532355322352222534499955223453324324254522352524465662446453464442534554236747545434453336733645
7335555373663676533744455532442642666342524422662345425545545342224423352399932543454532445233554553236542255643345354222525345643534734557437367575776
7577647347767433763743666465333523453643432454556233453243553553235254242599942252522545425354553255225224445544432252424534223364673445746647454635753
6756453645564345446733746255325344446233335566623544242544445543245442553599924344423334325532323223266624522566465545524256233236436353355366437555377
5553677575657465466535563552323432224633222662366245544242254422345523453499953434453432555553334323443464262253445456243456652276673577737755733375356
7556546364636743435657643233422445462332533352552265255352354433522534225499944522223332542334344245543246426652345343553544233633447636653635453376667
3747645747455474464547323365445546632424252623534553453425344425333345235299942544222343234232454444524466426334462263522552653536343737344333577667733
5437375473747367475666352635266536262646235552632422423534535223522525235499933252354543524453422555332364224666222445662442552645467577475643344664576
7467436364364676366563376522365652442263552444343325523222352532223242222299953232435523532323344233363625554444242446634633423656636757374355377636573
3654675377357345443547654243246625345333663523424254553442523525555522223399934344523543425224343226425462553532256535255424363335737665547753777755474
7777776656537745365477774664264625452224635664456342655225533543442455433399943232525535222433325232222332335454323626334364262564454346766554545743567
3665373757376743777654567553553532236243545624533565525553425533243532432499935423435332342253354464444426253326332444233255236777573635467664745537765
4436543435563464347535374246625535354332236454433324624234322322552223345399935444225224242423252446553562534244443225362243655463376466344676544454435
4774774376767446344756435663225364424555363536656422664525554222533235545299934242324233453534545646662626355354422643636333224553436654447433445536533
4437743665677764345345744452323246226634454322523254354242525245243234454599934322253435434344445222626334562546426625456525274535456344734474657344354
5656346643434634744565534353636642264554635653262654325464525535445432524399924352543452254442335553245426253544246564243542567457466356645777463346747
6355473545354576435643464552324445663425555346464532243343525235435555444299952535435352522325223424354622624543522436533235644734765745534747453356445
6563336644734756455654343773543366555426626525635342526634542443325425235599945342444422355262642645654363326322562653634626433646354476454555753376675
4773445434665377544347545575525546544232542226446425462534262535243452222499955342332323552654253343332553664435664355363452554735456376776445337677654
5373353535734656773353376666523432534356536455435543632626344252245343452399923444345343453542245344655426653535266365653566476774635635733776746444745
6767357363766546536674766636253464332532335365545542624234232325353244433499945554432436425545526544326455652453535464336254657757344473635475736746536
7457455673756363735757357635453326455434555364453322263326354446435533224299952423356463645564342665335246266244643525534335766476656354644646436736434
5565445375564664653737577365322256463432556366564265345666425352524254323399925324226322434426454534554624266424234425265244655567364357447435443637335
4364337635553737644474675635342552655326656332342244223665556354455342226499964345654625544422465463565636344462525644664777666473357445354575734455657
8555453564536736373764654465335322465466453455245253246254654443422246536599956232454323366326246235333654263324626234334777546564773453547745535347558
6653377575537465433565553556557533446643333226523425263633433545554235322599945644625544445456235553433236365465443564235456754755653734564634743437457
8443553467443645467356376463744655543322243334523446463555442442446353455599962332565545565465564424324425335635566566377465463333473767356755336337785
4467477764576466744377465737466355464325432324356625444624442622562224232499965553345446624633623254556544333625555326253635544566757563453367566456564
8564465635767545436454637436765354345363345362653666565655523324453442344499926543466263423344333332545542463445555346437446457334555335476676677766677
7545434647573744576435777377554767565666342463244534525326465634326355556299962535526245625446452225252465523545325455333473547454434567537736377435488
7687435353445546744453633437776533334365334222235343242562665324552262522399934452255465524455362364633525645645334335547435446566575565675746677357547
7888534364434633657777777744575577346362645666544565524454645552223636245699946556364334255466664362445325363465652577434646764453434656744476577476757
7887533763647763634434665537547376577424243456254653443532464244665264663299942464625455636626653553333565262246253643763653567633754465753775445555867
5555565657546565443437376367743674344662534656346622462254626452536345564499923623346524365246544666224434644335264556557556775666577535443755755677675
7567864376554336554573764466355665744335362424553544664363444243554425453299926626526463622364535522245622632244335643475466776446576743355676544556686
8456554445564654676546336354553666337474332624554266324566555446452626563299946242542325462632622234326565544253655537334643543533653656454337564775754
6747778645574337634656735345577435457543663244262644364452622565225442222499962345523425466262233565363445365367566643534464436733475444637477558556454
4785646676445547356444657547747775557735376443553355343643644445452665334499954522223334324333225224456655563743337557575473356457753667375734378786486
4588865855365474743554544657777675374566667354664562552662362362455324433699932434635342224335364252265234637374457557446573454767445566647373777647567
6866766655474373375535366456337464665363666325466646445226662325642224325299924362652245265663636652233525346463563463777433533547637653374746657777855
8877567875667444444544576436735663346547574546556353532235525223342434232499922536544464424533356334342335433466367654565575635464435557476353478777555
6575746468433455576747764463756574774745573343725532365466244666342435323499963342544336365533636522662253435736765463676737333763637353745547486754854
4444568765866647545576437535467466754775457766765644453433354254454563562399924234446566465454234645357634753473633665473566444577736663754446848574868
5588864745466444665437663756353534475433463535536334532452364455455254222599945254252252323366365242773753376373566757676576557546363646655765676686678
5458855445844343337363535647776373676663644666757544452563433534246244534599924236653566326352436544664733556467566537733567347746574447774566484765678
6847475665547463655357553454436674635743754547377774535334642424352642533399924262645324242543445576746643536337663547475775764336344376437766688447677
6548788656464764557646553477676676377344457744554557733647664642624656535699922245562534634355354656466447543767664573347357446674474334587445574656578
7564858774478837344653574556474366535643456643633777646576555425333345544299954625543254645546637664574453467645644543573345343533574534465768856547646
7564465575747446446634347774546647354563556663573436455577676553344326362499944433233636635634373733744765545337636676566645365576777734865865785784488
5466667584858685734745647677364537673744563477467647456576655667756535344499943677553544766344636744343434637465455653675755475547367774868488545444854
6747847656785858855755337554535364365567677375536454543753363467365556366499975676463334546356357635676777647636776535364736535654767348767487567545656
6665557758586678573773336533736545756336546347757666435733565474764445754799977654676765446765565753544647557667466564554735636773734677564687677875647
4584788777746667646733645566454663763353635344745374357747335454435644574399947773776356536377563434353673536644765445774465734737377666544746774784764
8555468648445667468875356763455343644533667355776635455374565675577575565499947545753674473644454335656554676576435756755465565746766655685544645744446
5667887564744874558573354666535346543444763656354674744434447344634346463699945474756646336465654577656766547437435766534756544765484445465566446685584
7654478658857744675845534565655367653657736476574563377544653766733664743599976537365766657564736743677753555356347766735455777545885467658567475868478
5888464458554484675676564357357656547733743573356474573464364657374367576699965673733475533546563767346553663654657637455445743755485745567487885668585
7675848566444466567855883365757644576575553773433456437454547444544774675599956677376637446743757477555544675547335777436735653677646675656656877446575
8875646447548788888848768636453646556364436376457445455473737456445657634799967456653735367434646344375634567436436454367446366465675744588854458686848
4765647478676456464667448766364545437364644667446334345737475457365437765399954364547463335675747673754757474357757335776636475667874458775548478875485
7887766467445558566784646846465337767774467774775345367563635465753353535699974447633536466635757545466746764443363535466438468866664748877454868548786
7785774568788868758856548576555434354643677777376546454353473635477674753499977345535666567367737477566456566574646644563547878788767668684888777887575
7567557484756556564847854785745533563336676445463735577333534563763536645499964774654336465745475566473473666467334753565477547475556455565645475886855
6667758884586454678555587446458777357553735566443645543773637433546553553499933736543366343363477357475545553765647654468878766848755454768565588648686
6686655468678654475576787858554676775644363747667354536657435656364653553699955666544544544564573777534435736553746378786686745456454568784676557654767
4586655746448857645545868777584458585453776744545436373535636776764663553499957737536654437374457633555457453674357546857657845464554675778446477477657
6484568458576545485577556485766746748773457665743343736465656756744734454399955545457556334763644736653643776663758474844465665688647786867775845447467
8686657755877476858545456448648658575544347474757557374454463645443466736699953535736753757637666773734664335534468775454466767867468875568855657448868
4667784456478886474648686776875587844456575553535446333454354675376744474499974564667675675766554457333773673646756576485745844674485567785467454655645
7457855455555775657674566468847466756868847544335737747764336757776636354799966375666663464465744534644666456784448548474688567678747556467488658548644
6776456787858868585567868455466566666584475565757744556535335436477647337799944634636654537356755744645435756846884476654666658555447874465477585444645
6757465858865847684667846646574568748757477786587544546466454346333557766699963553444664553547637474454475674767755847448484548764767484578555666587575