2196352276767953842842795627417
4432157144273946518942229596939
4471169265857729291192591392726
6315788234845111696654158441241
8428391386789162578212421152343
2222374858134335423852761323996
1694192792827998436211182163673
6955817273468794235876632285141
8631836633278135437449798837158
3447199684773287489452316513471
8847863963236236848331817179232
7658588478454119474926632558594
7738384271829698759972278111957
7695264281921925541852277377712
8322139135991222698754752454742
374117442452958@544293463213285
7632591696367411544751978291645
7423498757125761277977369646977
7912687266778711727958393437566
2853882939229653555171988715776
6131582587791384251853656196517
9731769135455592398822822749619
7216373241867824117267453652455
2376878735361573419823779543221
8411134248633723923728344844841
9996555298647759344411299582892
4222645948283919387349941254827
4176638635165635546828757544449
8499395631548869418395961783785
1271926139289566254461994164643
3135538174296554752149838759375