23426353618365827445715554516515166537544568314767314776231111781337311118243273632581325585552536113
36253456128645437775323656418142778476818231742348658711251642372432527844455317865774553282265823421
66234141551531241121246187753888186547583854667636113252364172335444386688663414247188547755553657551
64238632653355768456531142167651465721578232813123674177568372457321175753531534836417725181677872563
51231436715156813773533831828236517586181448323376275525337614471622458116566723231241828633461322376
27676348172514714577827714212624857642524826254621846223231244167674428667376838743855346662162686318
57366266631417727652544851434583413117671151482886486762543663452664341441361533255833565554444867651
76541355114866224627776425635513577518573853818775445626578427687888735825736572745168324412651732272
27757773447156163267456473345486764284855235876747722376114775735583565727336261282288618157414422638
31743135484747677886341818458234122743738772264784187134756755885751338236478378377375121523541861722
82224265678256214756335768171855785147866736335768287627115448848637515878715255286463123566534353358
34671761233254235383661357482456135524238518858847876976666852235583758452722175782467233483676326827
61165443586584767622262771574241417288584686849654949848969849827546678225466174286414538482674124334
88485515544235451245127654223455154369947598564955844666898469575928463773787124355822725458666616462
58327574642863742776154427176181244844675644955898569575997456995749447588747686371326754657568776635
53234843683314455387367282818371899584668846949784459968864888577978745555453655832765442828634157246
58434418586685628481587832768746965999984956766788678767976959497794998464828712752416731312888461371
57227481165766318746768437544955558769868657458976595879454477557565778694612888773631452842776142513
24184245331887814721374563165758968684876487886899484459467664967959975569636338832254413345653646623
67825773772777275875488314755685686686994644776559866548997984465659865895793153543138456851388752555
31456168272768868324366117457965746756947488658858887886476699877848578895654658418627424733751728257
31267568555636167171364466465458797446744894449578578544947457786696695444594681373275562454528455288
62275366242136263534177459484569464855688878567584687786597866754599645495459575747771235528362161475
82416142878327238612255789575788776946897985854686967458596494967885667688945975854647516116418126217
64677625467383532848799578684685668756684887766767568458776749686445548886455976823388415458385388645
75344882812317727558954646678646978464684547664957947795584465797684457568745846781443657283788647538
61458175836211263447456986554598964846846466588755958949449576995576946794468758545837776658124824211
84244621371153444896957995774946465585646594797694658676976887847645876756848557547424577635351223476
55842358461432737867844475486554745699584764459766768594565554448898645698554959584981645113843464175
82555536733264621788584676689555998478599578679494858777858456996766656569699764765591656724624533855
46686743168437749875459489667598575555756877744474964794576489875466575757999566578747384814222425328
33344857473373738957455946784595875676859754454594566465854976684689447768487456549777281521272828475
67817353864833544587968787669959986745899964654588949767874855857566459549787645764694734622486473635
65711671636384748669898794567966897977458854588596658967567647598745695579775876676799764654562787622
18746548212548564549999847557485485564858474457998555774697648955966549597897445879668755332161471448
23553728474557497985549867589649957947796676967954794757744568694595868788495469479947965822455123311
62152387722848789554555898874974577496649495565656867794797467758566696789598496575844875544771244377
63572877532544547576586898588686547776484565586854985886565844754664594595599948495975875251877732724
74446385462687676875564675549459594566979459875547996756888756996588874459566954847988789587847445853
27171744873869546584455964577767465746445786679579599568984598789675647889987769857897647625647733711
88445218725199577847988559869745855546745969857699579966699745956577557849666447895755575632244668826
84122886836265579695594685764845698788745796676948577774745979488958996774949477477557775418617672525
47751258275557646946895684876748857456696778854689555448964985484796854685994969688998845615831781163
48773472352657685976788795675689879575655495567474947457756556767786579475779497874748885495137611783
77116188553564954694898758499646774686479768769486544847598795469769557794698476785465884778514737223
41115568182567579948468656444475868876449649679668899945977975496769549599559677848789977892132563825
33433776881586668746675758745887844879495855988795884855754849767695567586555778674567675953212777232
36675842486887886487744885949699997957854545665446464454754565495877644697555787777589594483428144224
57372347824847757785977754679678566858599878578855868595685786544746486688597649584555465753755721185
87616621612457979648799658677989559788446556947797686494476669748684996996455965744559465792711781854
11361512136865687859759966656787686584545879688664@44595866595689774748798569879949558755547637637335
74448283825749784679547647454887588948594758947857499646689746887989784948758495858675656468387227546
51154116171758885969677895584648869476447875768745666646878488947495664574669886789788857696876533523
83255121277569744498586547558455746797669657596984996745578464978988885758965669745786756788671571544
35172772478868854545997667984848945646884879464995744454945578878759977885544658685568656781647781741
64187572463884776465954445665444897864889477997895949489966857565795588874546668545464576741161288113
34331777657586896997955458757598877748584976645998494895564594996649468644866489878678485961442211432
42116764217855584688957549848744888899468679644969576599989474866444465688578485878446456784585387312
62564774666646764855676897788745795694499997675968667844898879997886784687986964444766999547654571378
11382378214468879976647654688765747978644787887959644654957566957989686765488976666596457921361233155
53358628221188689458489478948448465986695564745688445765849598588577457659547778567595965471547823236
54285823344864968496966466488896866897975986969494874645979979688767498894699865897857556633566567162
23632784274648446868764585549844899585949876489857497646979467566784857889485649456655797776867647312
83528338526117489988599998586974446889876975648974888998947855965596686745987864778597495288574667554
67825334218466598879868569744787649774955598548499669748658497697848459696999464577569988725651656424
38374255434539686665789594945945989488977569545888448789586958466867944954469898896754579366154737853
14723457655352697684577694875999655796578747554449995578695667668679788887669598658775776876814578583
16165625514175849899679854477768774944474778947458966448774748784776879448956655994676958611168278828
63736172124672396678949558658787577999568464789547765895867767698764848589588475596554733672136372416
42246185735341679898854567669667957457477758968669846689467687697745448867484746944486741286114254154
15816748856465616686677945766965664768476776687544874487998494459846988997985754759554471542222427522
25248831584246545667849476877547786667749559866757644699468986789968567777944497954964645468816713685
57532345334586588894456798566876895566876446854876777899969685675475749659786956597566762547382311243
27775186835585415657488887968955464977675874789748966674557767756657884567564987895642811822642845288
81115867583267868845695758575855956665786479865666457994867496784988789647785965666831687744451622444
56521256475717261575979585949867455449986587464459464697448957585956975486897449559427845871482236225
57858635237238683325459655496499456456955467648754886658869665665988596586487447491224554466632382235
61811425432468331568375747767967988585446987658789967557888976949586849667944788446221127181832746747
78758456563156823145475744447898446566568768647465594786569864764668674478645998471135287764235451747
68162333817348711422874598779464488654844678666684567874445784477957487576594965173342148282275152781
37176513782555687672477748475877496679949485697669564785548955494648668495496475515632265634852865728
41628653732673423236214184654486848499867465655985688695848484674494868545694232737535516256251865633
23266128273131778787753373888754595545856494659946977649648789874887497949577314243116527574661627125
42388523412342784676333581495556895779446475898884548845957588785557945777564244741823878388525861826
67381473488441535765244185636746885988578545999486595997957547678669586669185732375561745216433572852
64484283658444123132314533527285588756449856995676856589677657669447786774132161442817514515224475176
26288373751248641654613287884345487446594558678688694477598647698868976146617161174238451267836833552
87142457364585577363141347682477119949859788587577478678677649577777727418386441452343862272532883752
41444668115434335363772658316474841694584555949444497695949466788973787672232121876622158165522778721
67464155811333648658865356864186156687645595699856776455669775643513174437543133885872826126683115457
48676627587826882652322671571114337246644156846857946997454167534252278812551246845638418817411863555
78436323724877545821283452442152242331141663738531812522356347115858885735652335842137852351675825866
34257181238552347615558631724118244836563314274354782433666211251286772223576686556537767172712452287
62482576365215752835215821774828836172854654513873385681863441753764174362151663847188258633143286667
25261548774121218234645642655573236487851746148524611444442524328813632722628462626222218765782185144
56776732625453281845482753647753624474881268253424312625452688322425831328467637828441337814565556524
14625633246853468545544644732751378761571261554131852378536721124567138681551856722865738468136623533
65466424461227665688277888342712851325754118211428415128216742773621857386321847367167185283458377814
26517534623823132654115488435443763525743553743224515742477675424857534616248765156162231685476571735
45428185678244853726776866677125155256313281117537445868488412713723352832668835831276755824835561642
16654124846451255717568785615547831174427736217218524822342783327241116158315485331577215682126165666